dagorlad:3628,2052.7396240234375
dead_marshes:3338,2216.7396240234375
dol_guldur:3061,1566.7396240234375
emyn_muil:3164,2051.7396240234375
rhun:3872,1659.7396240234375
the_nindale:3141,2326.7396240234375
dunland:2213,1747.7396240234375
enedwaith_plains:1970,1941.739501953125
eregion:2352,1331.7395629882812
harlingdon:837,1190.7395629882812
moria:2522,1645.7396240234375
mouth_of_the_greyflood:1631,1944.7396240234375
tharbad:2013.0000610351562,1524.7396240234375
blue_mountains:923.0000305175781,793.7395935058594
bree:1870,1153.7395935058594
fornost:1766,773.7396240234375
hills_of_evendim:1450,745.7395935058594
old_forest:1691.0000610351562,990.7395935058594
the_grey_havens:1118.0000610351562,1066.7396240234375
the_shire:1445.0000305175781,1031.7395629882812
anfalas:2191,2671.73974609375
belfalas:2657.0001220703125,2962.739501953125
minas_tirith:3275,2517.739501953125
mothond:2535,2557.7396240234375
near_harad:3348.0001220703125,3167.739501953125
osgiliath:3380,2715.739501953125
pelargir:3196.000244140625,2899.739501953125
erebor:3468,633.7395820617676
ered_mithrin:3053,512.7395782470703
mount_gundabad:2647.000244140625,527.7395820617676
the_iron_hills:3876,666.7395820617676
the_northern_waste:2827,326.7395782470703
the_withered_heath:3326,444.7395782470703
fangorn:2611.0001220703125,1979.7396240234375
gladden_fields:2955,1282.7395629882812
lothlorien:2735,1803.7395629882812
rhosgobel:3180.0001220703125,1333.7396240234375
rivendell:2608,1039.7395935058594
the_high_pass:2836,946.7395629882812
the_redhorn_gate:2608,1472.7396240234375
lake_esgaroth:3496,864.7396240234375
south_eaves:3505,1613.7396240234375
the_bight:3527,1356.7396240234375
the_forest_trail:3042,843.7395629882812
woodland_realm:3274.000244140625,761.7395935058594
barad_dur:4023,2453.7396240234375
minas_morgul:3476,2507.73974609375
mount_doom:3731,2482.7396240234375
plains_of_gorgoroth:3605,2657.73974609375
sea_of_udun:3555,2286.739501953125
amon_hen:2971,1846.7396240234375
dunharrow:3028,2533.7396240234375
edoras:2683,2389.73974609375
gap_of_rohan:2312,2173.7396240234375
helms_deep:2531,2195.7396240234375
isengard:2383.0001220703125,1941.7396240234375
plains_of_rohan:2866,2064.7396240234375
ettenmoors:2553,787.7395935058594
the_northdowns:2052,536.7395858764648
the_ruins_of_angmar:2322.0001220703125,405.73958587646484
the_trollshaws:2353,1027.7395935058594
weathertop:2081,1019.7395629882812
