dagorlad:916,789.7395782470703
dagorlad:944,295.7395782470703
dead_marshes:3344.000244140625,2214.7396240234375
